# PT100 on Overlord Pro circuit
[adc_temperature extruder_sensor]
temperature1: 0
voltage1: 0
temperature2: 10
voltage2: 0.152137143
temperature3: 11
voltage3: 0.167350857
temperature4: 12
voltage4: 0.182564571
temperature5: 15
voltage5: 0.228205714
temperature6: 16
voltage6: 0.243419429
temperature7: 17
voltage7: 0.258633143
temperature8: 20
voltage8: 0.30388419
temperature9: 30
voltage9: 0.455241143
temperature10: 40
voltage10: 0.606208
temperature11: 50
voltage11: 0.756784762
temperature12: 60
voltage12: 0.906581333
temperature13: 70
voltage13: 1.05598781
temperature14: 80
voltage14: 1.20500419
temperature15: 90
voltage15: 1.353630476
temperature16: 100
voltage16: 1.501866667
temperature17: 110
voltage17: 1.649712762
temperature18: 120
voltage18: 1.796778667
temperature19: 130
voltage19: 1.943454476
temperature20: 140
voltage20: 2.090130286
temperature21: 150
voltage21: 2.23563581
temperature22: 160
voltage22: 2.381141333
temperature23: 170
voltage23: 2.526256762
temperature24: 180
voltage24: 2.670592
temperature25: 190
voltage25: 2.814927238
temperature26: 200
voltage26: 2.958482286
temperature27: 210
voltage27: 3.101647238
temperature28: 220
voltage28: 3.244422095
temperature29: 230
voltage29: 3.386806857
temperature30: 240
voltage30: 3.528801524
temperature31: 250
voltage31: 3.669625905
temperature32: 260
voltage32: 3.810840381
temperature33: 270
voltage33: 3.951274667
temperature34: 280
voltage34: 4.091318857
temperature35: 290
voltage35: 4.230582857
temperature36: 300
voltage36: 4.369846857
